0	42,1283	45,1740	46,4968
1	35,9679	40,7921	40,9411
2	36,7745	42,9445	43,3229
3	36,9209	42,9504	43,4980
4	37,8311	43,0641	43,7194
5	37,2234	42,9559	43,7582
6	37,3063	42,0993	42,2647
7	37,2988	43,0290	43,7673
8	38,4363	43,3359	43,9919
9	37,1160	43,0462	43,8490
10	37,2513	42,9684	43,7103
11	36,8144	43,0693	43,8106
12	37,3702	42,9256	43,6373
13	36,7380	42,6965	43,3653
14	37,2277	42,1459	43,2741
15	36,6315	41,7628	43,6111
16	42,0776	45,0573	46,2788
17	35,6526	42,0627	42,0332
18	36,7204	42,4177	42,5679
19	35,9921	40,8098	40,9704
20	37,4213	42,6695	43,0174
21	36,0582	41,4257	41,8685
22	37,0238	42,4555	43,0407
23	36,7339	42,4337	43,1207
24	38,0265	42,7859	43,4752
25	36,5459	42,5671	43,1565
26	36,8743	42,5116	43,0487
27	36,4006	42,5571	42,9235
28	37,3265	42,4371	43,0574
29	36,5016	42,2369	42,8172
30	36,9472	42,3219	43,0013
31	36,6333	42,5188	43,5992
32	41,8783	44,6614	45,8785
33	35,6394	41,9900	41,9251
34	36,2884	41,9916	42,2407
35	35,9218	42,1420	42,3681
36	36,8737	42,2427	42,5959
37	35,6736	41,6423	42,1007
38	36,6112	42,2929	42,6635
39	36,2740	42,2265	42,7475
40	37,7101	42,3631	43,0735
41	36,2288	42,2378	42,7642
42	36,6392	42,2817	42,7718
43	35,8573	42,2064	42,6061
44	36,9879	42,2990	42,8002
45	35,6075	42,0325	42,4769
46	35,3446	41,9763	42,3495
47	35,6320	42,2354	42,7744
48	41,9099	44,5605	45,7159
49	32,6740	40,2109	39,5967
50	32,9640	40,2465	39,6159
51	33,3547	40,4387	40,0584
52	34,1366	40,5384	40,2680
53	34,3054	40,7386	40,6433
54	34,4654	40,7017	40,5985
55	34,8194	40,8935	41,0404
56	36,6998	41,4625	41,6549
57	35,2384	41,0313	41,2163
58	34,9394	40,7955	40,8044
59	34,8410	40,7787	40,9736
60	36,7638	40,8730	40,8993
61	33,6790	39,8889	39,9120
62	33,8606	39,8583	39,9834
63	35,4103	40,7344	41,2236
64	37,4744	41,6878	42,1435
65	33,1925	39,5606	39,3571
66	33,7442	39,8239	39,6111
67	34,1037	39,8892	39,9775
68	35,0660	40,1779	40,2372
69	33,8490	39,7963	39,7448
70	33,7601	39,7474	39,4946
71	34,0009	39,8393	39,6664
72	34,7735	39,9950	39,7472
73	34,2653	40,0089	39,9424
74	34,6433	40,2392	40,0235
75	33,7352	39,9468	39,7754
76	34,1433	39,9490	39,7877
77	33,7700	40,0060	40,0409
78	34,8922	40,4600	40,4574
79	34,8515	40,5003	40,7689
80	37,0419	41,3865	41,7218
81	33,2313	39,9299	39,4322
82	33,9941	40,2407	39,7417
83	33,4678	40,1697	39,7418
84	33,7375	40,1296	39,6951
85	33,5938	40,0801	39,8691
86	34,6016	40,3595	40,3015
87	32,3629	38,3198	37,8954
88	35,4091	40,4323	40,5787
89	32,6121	38,0227	37,8270
90	34,8343	40,2625	40,3542
91	34,7464	40,3056	40,4175
92	36,3474	40,9339	41,3275
93	33,9210	39,3380	39,8481
94	34,9462	40,6009	40,9684
95	35,6934	41,0846	41,9581
96	41,7558	43,8149	45,0096
97	32,8514	38,7784	38,4795
98	33,0015	38,6661	38,2986
99	31,8122	38,1644	37,6083
100	33,7658	38,9725	38,6864
101	33,6486	38,9657	39,1474
102	34,4774	39,4394	39,2037
103	34,2381	39,4092	39,4136
104	37,0819	40,9631	40,9415
105	35,0853	39,9064	40,3533
106	35,8512	39,9343	40,1486
107	35,0116	39,9244	40,2339
108	35,9957	40,1492	40,1461
109	34,5109	39,8720	40,1934
110	35,1522	40,0644	40,1483
111	35,0859	40,1171	40,4690
112	37,0417	41,0236	41,3065
113	34,6947	40,4348	40,4041
114	35,6648	40,5994	40,7011
115	35,1682	40,6796	40,9173
116	36,3202	40,7973	41,1029
117	35,1626	40,7626	41,2389
118	35,8113	41,0341	41,2965
119	35,5204	40,9210	41,4270
120	37,3381	41,1897	41,8154
121	35,0986	40,3203	40,6563
122	35,8595	40,7106	41,1806
123	35,4841	40,8479	41,2933
124	36,3942	40,9288	41,4226
125	35,1233	40,8590	41,2654
126	35,7015	40,8345	41,4994
127	35,3419	40,8743	41,8877
128	41,4951	43,6903	44,6472
129	34,8049	40,1477	40,0964
130	35,5191	40,2943	40,3068
131	35,1691	40,5224	40,6509
132	36,1956	40,6645	40,8531
133	35,1189	40,5493	40,9138
134	35,8782	40,7313	41,1067
135	35,6171	40,6626	41,2868
136	37,8675	41,3885	41,9294
137	34,6646	39,2542	39,0877
138	36,0309	40,5029	40,6590
139	35,4633	40,5764	41,0297
140	36,6019	40,6936	41,2067
141	35,2628	40,5134	41,0503
142	35,8680	40,5633	41,0260
143	35,4593	40,5014	41,2038
144	41,5554	43,9841	44,5724
145	35,2520	40,2179	40,7041
146	36,3408	40,7538	40,7727
147	35,5048	40,4598	40,8606
148	36,8080	40,8880	41,4625
149	35,6138	40,7343	41,2950
150	36,4634	40,1160	39,8169
151	35,7132	40,8873	41,4924
152	37,8959	41,4551	42,2476
153	36,1189	41,0206	41,8961
154	36,3715	41,0739	41,6026
155	35,6667	40,9849	41,6713
156	36,8757	41,2867	41,9710
157	34,8348	39,2472	39,1425
158	36,3070	40,6836	40,7950
159	35,5365	40,6686	41,2571
160	41,8874	44,0073	45,2168
161	35,4024	40,4898	40,9278
162	36,1198	40,5506	41,1147
163	35,6120	40,6808	41,3604
164	37,2390	40,9346	41,4197
165	36,0976	40,8996	41,7369
166	36,6928	41,0323	41,5640
167	35,9675	40,7213	41,7250
168	38,4293	41,9332	42,3443
169	35,9516	40,6819	41,4911
170	36,4870	40,9081	41,4320
171	35,7152	40,6882	41,4856
172	37,1975	41,1919	41,5987
173	35,3693	40,3216	40,3511
174	36,6723	40,6428	40,8911
175	36,6068	41,1675	42,9600
176	42,1923	43,9347	45,4888
177	36,1990	40,4069	40,5003
178	37,1169	40,5783	41,3424
179	35,6972	39,7442	39,5325
180	38,0657	41,3280	42,1520
181	36,5601	40,7557	41,6796
182	37,2576	41,0298	42,0928
183	37,1533	41,0286	42,4641
184	38,9445	41,8332	43,0220
185	37,0448	41,0810	42,2368
186	37,3292	40,9958	41,5332
187	36,2175	40,2640	40,6419
188	37,6073	40,8932	42,0284
189	36,5149	40,8869	41,8937
190	37,0015	40,8814	41,9088
191	36,5071	41,0346	42,1633
192	42,1120	43,7336	45,3650
193	35,8256	40,3177	40,7919
194	36,7163	40,4934	40,7377
195	36,1367	40,6193	40,9380
196	37,4053	40,9680	41,4360
197	35,4667	39,5924	39,6577
198	36,7752	40,5791	40,9555
199	36,5874	41,0205	41,5158
200	38,6285	41,5980	42,5117
201	36,8436	41,0755	41,8383
202	37,1101	41,0665	41,8942
203	36,5174	40,6564	41,4194
204	37,8073	41,2175	42,2559
205	36,2743	40,5657	41,5685
206	37,1505	40,7824	42,0846
207	36,7176	40,7493	42,5327
208	42,2405	43,9603	45,5722
209	36,3029	40,7701	41,2999
210	37,0034	40,9260	41,6551
211	36,8144	40,9695	41,8256
212	37,8081	41,3934	42,0473
213	36,7928	40,8825	41,8378
214	37,3616	41,0347	41,9076
215	37,0793	41,0633	42,0465
216	38,6153	41,6539	42,6186
217	36,9421	41,0040	41,9194
218	37,0183	40,7545	41,5753
219	36,5248	40,4411	41,1408
220	37,7813	41,1738	41,1950
221	36,5788	40,6610	41,3625
222	37,3132	41,3870	42,4769
223	37,1845	41,3493	43,0500
224	42,2646	43,9867	45,6771
225	37,0995	41,4112	43,0933
226	37,0820	40,9491	41,6896
227	36,3498	41,1306	41,9134
228	37,6836	41,5823	42,4070
229	35,9752	40,9165	41,3597
230	37,0049	41,2310	41,9190
231	35,9249	40,6170	41,3012
232	38,7635	41,8720	42,6326
233	35,4079	40,2626	40,8095
234	35,5785	40,1593	40,3484
235	35,9089	40,3860	40,8466
236	37,6530	41,1392	41,5796
237	35,6810	40,5826	40,7783
238	35,0907	39,8506	39,9459
239	33,4210	38,8506	38,9451
