0	42,1283	45,1740	46,4968
1	35,9679	40,7921	40,9411
2	36,7745	42,9445	43,3229
3	36,9209	42,9504	43,4980
4	37,8311	43,0641	43,7194
5	37,2234	42,9559	43,7582
6	37,3063	42,0993	42,2647
7	37,2988	43,0290	43,7673
8	38,4363	43,3359	43,9919
9	37,1160	43,0462	43,8490
10	37,2513	42,9684	43,7103
11	36,8144	43,0693	43,8106
12	37,3702	42,9256	43,6373
13	36,4230	42,5718	43,2172
14	37,2277	42,1459	43,2741
15	35,9841	41,2374	43,1046
16	42,0776	45,0573	46,2788
17	33,8081	41,0556	40,4014
18	34,8947	41,5477	40,8439
19	34,6892	40,2892	39,8378
20	34,9025	41,5493	40,9679
21	33,9923	39,9709	39,5584
22	35,0429	41,5310	41,1936
23	35,3317	41,6911	41,5409
24	35,8314	41,6846	41,5835
25	35,1265	41,8050	41,6119
26	34,9958	41,6462	41,3243
27	34,7842	41,6986	41,4342
28	35,3689	41,5788	41,4727
29	35,2187	41,5812	41,6594
30	35,2507	41,6979	41,7956
31	35,8694	42,3126	43,0380
32	41,8783	44,6614	45,8785
33	33,6526	40,8192	40,1050
34	33,7330	40,7197	40,1230
35	33,6573	40,8686	40,3184
36	34,3911	40,9590	40,5892
37	33,7919	40,3640	40,2413
38	35,3008	41,4052	41,2663
39	35,0843	41,3920	41,3287
40	36,5832	41,5968	41,7540
41	35,0773	41,3738	41,3842
42	35,0912	41,4042	41,2632
43	35,2411	41,4359	41,4773
44	35,9739	41,4600	41,4919
45	34,4718	41,1670	41,1050
46	34,5698	41,1098	40,9667
47	35,2251	41,3812	41,3891
48	37,2079	41,9967	42,2078
49	32,3121	39,9963	39,1135
50	33,1316	40,2961	39,5184
51	33,8522	40,5697	40,0252
52	34,7094	40,6689	40,2941
53	33,8785	40,5071	40,2004
54	33,9078	40,3906	40,0620
55	34,1409	40,5257	40,2797
56	34,7190	40,5747	40,2448
57	34,3495	40,5688	40,3572
58	34,6747	40,5791	40,3155
59	33,8082	40,3382	40,0416
60	33,5065	39,0520	38,7517
61	34,2221	39,9844	40,1178
62	35,3495	40,5130	40,5980
63	35,1882	40,6476	41,0442
64	37,4744	41,6878	42,1435
65	33,3819	39,8699	39,7270
66	34,1096	40,2728	40,0653
67	33,4951	39,9830	39,8728
68	33,7938	39,9806	39,6789
69	33,6189	40,0047	39,8071
70	34,4581	40,3482	40,1660
71	34,2384	40,3274	40,2632
72	35,3223	40,5429	40,5378
73	34,5808	40,5399	40,6325
74	34,6605	40,7894	40,6542
75	34,9972	40,8391	41,1028
76	36,1900	41,1529	41,6333
77	35,0607	41,0960	41,6688
78	35,1988	41,2804	41,7221
79	35,4985	41,4652	42,5240
80	41,6831	44,1142	45,2606
81	33,2196	39,7082	38,9959
82	33,3696	39,7541	39,0728
83	33,3699	39,9561	39,4306
84	34,0117	39,9719	39,6710
85	33,9430	39,9268	39,9188
86	34,2711	39,9972	39,9960
87	32,5588	38,3735	37,9900
88	36,6770	40,9980	41,1464
89	33,0064	38,0699	37,9716
90	35,5651	40,3755	40,4787
91	33,7127	39,2391	39,2535
92	34,5173	39,9066	39,7095
93	33,3125	38,8487	38,9772
94	34,9634	40,0948	40,1263
95	34,7949	40,1302	40,2562
96	37,1324	41,0400	41,4039
97	34,7221	40,2728	40,5429
98	35,6402	40,4106	40,7558
99	34,8395	40,0432	40,0990
100	36,7846	40,7376	40,9782
101	35,2495	40,3408	40,9921
102	35,9839	40,4661	40,6768
103	35,1896	40,1723	40,4316
104	37,7175	41,3233	41,5123
105	35,4561	40,2313	40,8194
106	36,2730	40,2822	40,6403
107	35,3201	40,2768	40,7541
108	36,5629	40,5831	40,8091
109	35,0689	40,6482	41,3956
110	35,8634	40,8411	41,5986
111	35,7751	41,0283	42,1604
112	41,6747	43,7481	44,8978
113	34,6947	40,4348	40,4041
114	35,6648	40,5994	40,7011
115	35,1682	40,6796	40,9173
116	36,3202	40,7973	41,1029
117	35,1626	40,7626	41,2389
118	35,8113	41,0341	41,2965
119	35,5204	40,9210	41,4270
120	37,3381	41,1897	41,8154
121	35,0986	40,3203	40,6563
122	35,8595	40,7106	41,1806
123	35,4841	40,8479	41,2933
124	36,3942	40,9288	41,4226
125	35,1233	40,8590	41,2654
126	35,7015	40,8345	41,4994
127	35,3419	40,8743	41,8877
128	41,4951	43,6903	44,6472
129	34,8049	40,1477	40,0964
130	35,5191	40,2943	40,3068
131	35,1691	40,5224	40,6509
132	36,1956	40,6645	40,8531
133	35,1189	40,5493	40,9138
134	35,8782	40,7313	41,1067
135	35,6171	40,6626	41,2868
136	37,8675	41,3885	41,9294
137	34,6646	39,2542	39,0877
138	36,0309	40,5029	40,6590
139	35,4633	40,5764	41,0297
140	36,6019	40,6936	41,2067
141	35,2628	40,5134	41,0503
142	35,8680	40,5633	41,0260
143	35,4593	40,5014	41,2038
144	41,5554	43,9841	44,5724
145	35,2520	40,2179	40,7041
146	36,3408	40,7538	40,7727
147	35,5048	40,4598	40,8606
148	36,8080	40,8880	41,4625
149	35,6138	40,7343	41,2950
150	36,4634	40,1160	39,8169
151	35,7132	40,8873	41,4924
152	37,8959	41,4551	42,2476
153	36,1189	41,0206	41,8961
154	36,3715	41,0739	41,6026
155	35,6667	40,9849	41,6713
156	36,8757	41,2867	41,9710
157	34,8348	39,2472	39,1425
158	36,3070	40,6836	40,7950
159	35,5365	40,6686	41,2571
160	41,8874	44,0073	45,2168
161	35,4024	40,4898	40,9278
162	36,1198	40,5506	41,1147
163	35,6120	40,6808	41,3604
164	37,2390	40,9346	41,4197
165	36,0976	40,8996	41,7369
166	36,6928	41,0323	41,5640
167	35,9675	40,7213	41,7250
168	38,4293	41,9332	42,3443
169	35,9516	40,6819	41,4911
170	36,4870	40,9081	41,4320
171	35,7152	40,6882	41,4856
172	37,1975	41,1919	41,5987
173	35,3693	40,3216	40,3511
174	36,6723	40,6428	40,8911
175	36,6068	41,1675	42,9600
176	42,1923	43,9347	45,4888
177	36,1990	40,4069	40,5003
178	37,1169	40,5783	41,3424
179	35,6972	39,7442	39,5325
180	38,0657	41,3280	42,1520
181	36,5601	40,7557	41,6796
182	37,2576	41,0298	42,0928
183	37,1533	41,0286	42,4641
184	38,9445	41,8332	43,0220
185	37,0448	41,0810	42,2368
186	37,3292	40,9958	41,5332
187	36,2175	40,2640	40,6419
188	37,6073	40,8932	42,0284
189	36,5149	40,8869	41,8937
190	37,0015	40,8814	41,9088
191	36,5071	41,0346	42,1633
192	42,1120	43,7336	45,3650
193	35,8256	40,3177	40,7919
194	36,7163	40,4934	40,7377
195	36,1367	40,6193	40,9380
196	37,4053	40,9680	41,4360
197	35,4667	39,5924	39,6577
198	36,7752	40,5791	40,9555
199	36,0667	40,7615	41,0137
200	38,6285	41,5980	42,5117
201	36,1985	40,7116	41,1113
202	36,0575	40,5175	40,9988
203	36,2153	40,5233	41,1885
204	37,8073	41,2175	42,2559
205	35,1221	39,6380	40,4830
206	35,7586	39,8663	41,0199
207	36,2600	40,4079	42,0613
208	42,2405	43,9603	45,5722
209	34,2916	39,3770	39,1597
210	35,1374	39,6188	39,4788
211	35,5106	39,9592	40,1742
212	36,4188	40,4046	40,4369
213	35,5524	39,8729	40,2143
214	35,3085	39,6938	39,5920
215	35,2140	39,6248	39,6765
216	36,0843	39,7890	39,9057
217	35,3990	39,5771	39,7196
218	35,7303	39,6411	39,8602
219	34,3498	38,7835	38,9300
220	34,1907	38,7878	38,6134
221	34,6970	39,0378	39,3544
222	36,4823	40,4843	41,0232
223	36,1663	40,2291	41,1832
224	38,0771	41,4078	42,5000
225	36,3123	40,5702	41,5154
226	34,4316	38,9894	39,2839
227	34,7385	39,7719	40,0675
228	35,1311	39,9676	40,0740
229	34,6796	39,9216	40,1157
230	34,6796	39,8584	39,9583
231	34,7675	39,8701	40,2885
232	38,1510	41,5857	42,1066
233	35,1977	40,0703	40,5809
234	35,3667	39,9588	40,1349
235	35,7108	40,1760	40,5976
236	37,3440	40,9179	41,2617
237	35,0749	40,2018	40,1393
238	34,9274	39,7463	39,7796
239	34,4192	39,5516	39,5993

total	35,8833	40,8601	41,1839

