0	37,8017	42,8664	43,2744
1	32,5833	38,6706	38,5112
2	34,3627	41,4950	41,0273
3	34,7235	41,5253	41,2624
4	35,6346	41,5676	41,4206
5	35,4986	41,6769	41,5984
6	34,0722	39,8862	39,6238
7	35,7069	41,6959	41,6030
8	36,1936	41,6586	41,6672
9	35,4509	41,6754	41,7157
10	35,1947	41,5727	41,4446
11	34,8816	41,7243	41,5452
12	35,1707	41,5582	41,3911
13	34,8973	41,3259	41,1174
14	34,9238	39,7833	40,8278
15	34,6219	39,8959	40,0916
16	37,6218	42,6888	42,9431
17	31,2517	38,5346	37,1784
18	31,7939	38,9126	37,5659
19	30,5020	36,7374	35,9232
20	32,2150	38,9891	37,8875
21	31,7522	37,7535	37,3175
22	32,3740	38,8688	38,2589
23	32,3860	38,8976	38,3712
24	32,4802	38,8289	38,3008
25	32,2145	39,0179	38,4567
26	32,2408	38,9213	38,2960
27	32,0820	38,8512	38,3317
28	32,1619	38,6085	38,0867
29	31,8779	38,5503	38,0462
30	31,9157	38,6800	38,1144
31	32,2514	38,8772	38,5195
32	32,8823	39,1431	38,7816
33	30,8327	38,5733	37,4579
34	30,9811	38,4986	37,5240
35	30,8005	38,5454	37,5935
36	31,1368	38,5778	37,6307
37	30,7034	38,3632	37,2968
38	31,3923	38,7295	37,9297
39	31,5378	38,7649	38,0336
40	31,7585	38,6514	37,9732
41	31,6831	38,8137	38,2182
42	31,6292	38,8402	38,1425
43	31,4182	38,7444	38,0923
44	31,3890	38,5405	37,9203
45	31,2166	38,5712	38,0479
46	31,4388	38,6980	38,1417
47	31,8864	38,8327	38,4078
48	32,7356	39,0679	38,7165
49	29,0828	37,5758	36,1538
50	29,4190	37,7412	36,3276
51	29,6922	37,7484	36,6184
52	29,9929	37,6612	36,5992
53	30,2754	37,9235	36,9806
54	30,6600	37,9618	37,0771
55	30,8609	38,1395	37,1750
56	31,3011	38,0239	37,0131
57	31,3244	38,1910	37,3059
58	31,2668	38,0419	37,0608
59	30,9633	38,0363	37,2615
60	30,2758	36,7590	36,1842
61	31,2972	37,7540	37,4189
62	30,8217	37,5187	37,0855
63	32,3069	38,3321	38,2260
64	33,1667	38,8816	38,7660
65	29,3819	36,8597	35,7094
66	29,4812	36,8845	35,7419
67	29,4464	36,9766	35,9410
68	29,6042	36,9577	35,8748
69	29,4940	36,9288	35,8804
70	29,5570	36,9715	35,8030
71	29,6766	37,0627	35,9220
72	30,0165	37,0063	35,8728
73	29,9455	37,1344	36,0765
74	29,8527	37,2016	35,9709
75	29,5382	36,9271	35,7394
76	29,4610	36,8778	35,5864
77	29,2130	36,9372	35,7725
78	29,2599	36,9590	35,7187
79	29,2962	36,9091	35,8742
80	29,5142	37,0092	35,9160
81	29,6957	36,9823	35,5237
82	29,9886	36,9766	35,6351
83	29,9486	37,1530	35,8445
84	30,1383	37,0549	35,6082
85	30,2530	37,2145	35,9067
86	30,6582	37,3418	36,0761
87	28,8726	35,7195	34,4658
88	31,4217	37,3284	36,0828
89	29,2613	35,3340	34,3692
90	31,5172	37,3977	36,2962
91	30,8889	37,0197	36,2356
92	31,6589	37,6771	36,6510
93	30,8033	36,8095	36,2869
94	31,6405	37,8537	36,7985
95	32,0612	38,0405	37,2531
96	32,8875	38,2455	37,7641
97	29,8075	36,3589	35,1900
98	29,9576	36,2727	35,2376
99	28,8125	35,9234	34,7870
100	29,9936	36,2727	35,3403
101	29,8944	36,2754	35,6385
102	29,6368	35,9200	35,2988
103	29,8812	36,1336	35,3234
104	30,1744	36,6393	35,6719
105	29,8966	36,2238	35,4146
106	30,0241	36,0373	35,2026
107	29,7273	36,1705	35,1861
108	29,0370	35,3233	34,4894
109	28,9030	36,3187	35,1284
110	29,2370	36,4182	35,1164
111	29,4141	36,5523	35,4618
112	29,5277	36,5511	35,4730
113	30,3042	37,1655	35,7463
114	30,5088	37,3273	36,0446
115	30,3493	37,4328	36,3629
116	30,6034	37,5009	36,2706
117	30,5845	37,6502	36,5458
118	30,9113	37,8034	36,5166
119	31,2028	37,7365	36,6654
120	31,6343	37,5783	36,4757
121	30,3142	36,4528	35,8687
122	30,8513	37,3296	36,2402
123	30,8912	37,4985	36,3761
124	30,8050	37,3381	36,3083
125	30,3973	37,6391	36,5726
126	30,5105	37,5105	36,7288
127	30,9315	37,6116	36,9935
128	32,2136	37,9195	37,3956
129	31,1782	37,1485	36,6704
130	31,4258	37,4884	36,7562
131	31,5634	37,8358	37,1307
132	31,8493	37,7688	37,2002
133	31,6256	37,8342	37,4423
134	32,0087	37,8829	37,4963
135	32,2422	37,8343	37,5740
136	33,2308	38,1398	37,7556
137	30,5230	36,7532	36,0430
138	31,6866	37,7318	37,0231
139	31,9847	37,6094	37,4182
140	32,2050	37,5680	37,4436
141	31,4663	37,6920	37,4600
142	31,4980	37,8178	37,4410
143	31,5870	37,7506	37,4509
144	32,0187	37,7698	37,2276
145	30,8359	37,1676	36,1101
146	30,7016	36,8666	35,8835
147	30,4581	36,5428	35,9490
148	30,9926	37,4339	36,3389
149	30,9763	37,6054	36,5094
150	29,8951	35,9039	35,1780
151	31,6913	37,7565	36,7735
152	32,3014	37,8894	36,9493
153	31,8892	37,9752	37,1307
154	31,5876	37,8665	36,8937
155	31,2906	37,8885	37,0669
156	31,3539	37,7552	36,8513
157	27,8654	34,3730	34,1412
158	30,0767	36,3842	35,9133
159	30,6368	36,7115	36,4903
160	33,0623	38,5432	38,0756
161	30,9000	36,6922	35,9292
162	30,9795	36,8131	36,1153
163	30,7997	37,0409	36,3825
164	31,5896	36,9575	36,2705
165	31,7979	37,1667	36,6933
166	31,8610	37,4061	36,8094
167	32,0034	37,0690	37,1101
168	32,5762	37,8668	37,2376
169	31,4655	37,1339	37,0330
170	31,4240	37,2304	36,8868
171	31,1076	37,2457	37,0932
172	31,4669	37,4296	36,6945
173	29,9237	36,0004	35,5795
174	30,5525	36,6248	35,8667
175	32,7294	38,1938	37,9791
176	33,9405	38,6610	38,4903
177	30,6173	36,2495	35,6338
178	32,1244	37,1546	36,7818
179	29,4888	35,1146	34,7929
180	32,8920	37,4625	36,8894
181	32,5133	37,2145	36,9518
182	33,3066	38,1187	37,5711
183	33,5641	38,1725	37,8729
184	33,9986	38,2810	37,9275
185	33,4182	38,1313	37,7063
186	32,4289	37,4679	36,9124
187	30,9481	36,0981	35,9099
188	32,7828	37,5086	37,2734
189	32,2716	37,7159	37,4368
190	32,4161	37,6739	37,3509
191	32,8458	38,1139	37,6860
192	33,8320	38,5381	38,5411
193	31,3729	36,6304	36,0487
194	31,3964	36,3663	35,9230
195	31,6120	36,9111	36,2891
196	32,0393	36,9222	36,4503
197	29,2804	34,7356	34,4711
198	31,4424	36,7042	36,1555
199	32,3402	37,3609	36,8247
200	33,1558	37,4308	37,2295
201	32,9688	37,4493	37,1972
202	32,9921	37,3805	37,2549
203	32,1737	37,0350	36,5698
204	32,9059	37,5101	37,0978
205	31,9830	37,2540	36,9418
206	32,7262	37,2872	37,4682
207	32,8034	37,7024	37,8679
208	33,9961	38,7777	38,6247
209	32,0617	37,4669	36,6285
210	32,5613	37,6896	36,7765
211	32,5855	37,8084	36,9809
212	32,9525	37,9291	36,9747
213	32,7753	37,8116	37,1295
214	32,9390	38,0430	37,0613
215	33,0099	38,0978	37,3900
216	33,5087	38,1375	37,4711
217	33,1719	37,9876	37,4228
218	32,8680	37,6821	37,0240
219	32,1112	36,9894	36,5781
220	31,4953	36,5341	36,0120
221	32,2561	36,9743	36,5932
222	33,1144	38,1573	37,7584
223	33,2754	38,2919	38,2086
224	33,9813	38,9155	38,8554
225	33,3191	38,6570	38,2560
226	31,8834	36,8547	36,4432
227	32,6370	37,9156	37,3031
228	32,1809	37,4413	36,7703
229	31,7413	37,5277	36,8421
230	31,8658	37,5727	37,1347
231	31,9606	37,5690	37,2726
232	32,7946	37,8189	37,2762
233	32,0502	37,4261	36,9920
234	31,9070	37,1077	36,4284
235	31,8348	37,0909	36,4700
236	32,2252	37,1956	36,4675
237	31,6859	37,0874	36,3256
238	31,4269	36,7622	35,8664
239	30,4167	36,0703	35,4564
