0	43,2983	47,9411	48,5008
1	37,8392	45,4153	45,9848
2	20,4065	41,4100	40,4415
3	17,4357	38,4959	36,5441
4	15,9979	37,3454	35,4762
5	14,9924	36,6559	35,0209
6	14,3670	36,3684	35,4418
7	13,9049	36,1807	35,9287
8	13,6211	35,9338	35,8090
9	13,7811	35,9401	35,1082
10	13,6404	35,6570	34,9899
11	13,6368	35,4595	34,9156
12	13,7426	35,3110	34,8839
13	14,0684	35,5347	35,0665
14	14,4522	35,5022	35,2857
15	15,2705	36,9718	37,1866
16	43,3937	48,4868	49,1369
17	13,4882	33,7123	32,2551
18	13,4783	33,7226	32,3009
19	13,5957	33,8644	32,7408
20	13,8236	34,0798	33,4057
21	13,9487	34,5963	34,5606
22	14,0148	35,0646	34,7724
23	14,1893	35,2272	34,7638
24	14,4614	35,0240	34,7842
25	14,8854	35,0560	34,8794
26	15,2842	35,3311	34,9559
27	15,6584	35,6689	35,0493
28	15,9351	35,9399	35,2095
29	16,6985	36,3392	35,2836
30	18,1424	36,9430	35,4636
31	21,0900	37,9507	36,5768
32	31,5531	39,1250	38,8809
33	21,3535	38,2452	36,3902
34	18,3842	37,8467	36,8826
35	17,4365	37,2804	36,3130
36	17,0950	36,6987	35,5158
37	16,8045	36,2698	34,6196
38	16,5631	36,0532	34,9800
39	16,3758	35,8307	35,1322
40	16,2469	35,6361	35,1361
41	15,9457	35,4492	35,1125
42	15,6706	35,2995	35,0974
43	15,4922	35,1659	35,0189
44	15,2235	34,9923	34,9974
45	14,9509	34,8110	34,8950
46	14,7904	34,6435	34,7526
47	14,6745	34,3541	34,2531
48	14,6166	33,8804	33,0789
49	15,3648	32,5548	33,3564
50	15,4006	32,4246	33,0038
51	15,4166	32,3789	32,9326
52	15,5157	32,4058	33,1028
53	15,8293	32,4239	33,1651
54	16,2763	32,4591	33,2152
55	16,7447	32,4973	33,1475
56	17,2067	32,5765	33,0417
57	17,7526	33,0221	34,1157
58	18,3133	33,6339	35,4855
59	18,6539	34,1651	36,3435
60	18,9573	34,7792	37,0274
61	19,4634	35,4828	37,3116
62	20,6506	36,4136	37,5853
63	23,2925	37,6156	37,9294
64	31,8035	38,7437	38,2391
65	23,4569	38,3164	38,1236
66	20,8004	37,0148	37,6983
67	19,8888	35,8715	36,4305
68	19,4889	35,0404	35,7402
69	18,9742	34,3776	35,3883
70	18,5674	33,9402	35,5550
71	18,3831	33,5809	35,6966
72	18,1861	33,2914	36,1300
73	17,8350	33,0746	35,9827
74	17,4798	32,8927	35,7805
75	17,1484	32,7656	35,6866
76	16,8760	32,7215	35,6435
77	16,7058	32,7136	35,6849
78	16,5850	32,7401	35,8168
79	16,4850	32,7452	35,9354
80	16,4294	32,7435	35,9868
81	16,9342	32,2668	30,8295
82	17,1019	32,3372	30,7149
83	17,3454	32,4069	30,5963
84	17,5262	32,4345	30,4568
85	17,5063	32,4690	30,3626
86	17,4498	32,5029	30,3302
87	17,3378	32,5533	30,3796
88	17,3015	32,6911	30,5474
89	17,3490	32,9390	31,0092
90	17,5188	33,4114	31,9736
91	17,7472	34,0811	33,1124
92	18,1688	34,9895	34,5262
93	18,9530	36,0768	36,0168
94	20,5345	37,1591	37,2322
95	23,5031	38,1445	37,9893
96	31,8209	39,0518	38,3653
97	23,6662	38,5109	38,1928
98	20,7214	37,3069	37,8132
99	19,1940	36,3095	37,0504
100	18,3405	35,6020	36,1144
101	18,0046	35,0928	35,2328
102	17,8298	34,7739	34,4601
103	17,6885	34,4939	33,8037
104	17,5295	34,1868	33,2165
105	17,4295	33,9580	32,7258
106	17,3325	33,8065	32,2903
107	17,2626	33,6609	31,8859
108	17,2019	33,4928	31,5214
109	17,1684	33,3410	31,1199
110	17,1614	33,2348	30,7347
111	17,1418	33,1436	30,4567
112	17,1377	33,0686	30,2336
113	30,8316	39,1700	37,1607
114	30,8530	39,2737	37,2539
115	30,9623	39,3487	37,3472
116	30,8620	39,3526	37,3952
117	30,8978	39,5146	37,4364
118	30,8331	39,5208	37,5576
119	30,7857	39,5077	37,6832
120	30,7093	39,4804	37,6176
121	30,7895	39,6432	37,8953
122	30,8904	39,7173	37,9523
123	30,9694	39,7140	37,9671
124	31,0528	39,7099	37,8908
125	31,1994	39,8172	37,9657
126	31,3176	39,8594	37,9138
127	31,3544	39,8398	37,9325
128	31,3131	39,8700	37,9691
129	30,5263	39,8815	38,2079
130	30,8323	40,0068	38,3134
131	31,0624	40,0769	38,3545
132	31,2481	40,0141	38,2402
133	31,5242	40,0858	38,4532
134	31,6168	40,1662	38,4543
135	31,6660	40,2843	38,6041
136	31,5077	40,2170	38,5001
137	31,6767	40,2891	38,6345
138	31,7211	40,3186	38,6939
139	31,6336	40,2941	38,8068
140	31,5090	40,1558	38,7195
141	31,5127	40,1486	38,7157
142	31,5309	40,1027	38,6819
143	31,6609	40,0796	38,7274
144	31,6996	40,0783	38,8376
145	31,0443	39,7892	38,5872
146	31,2492	39,7870	38,5698
147	31,4077	39,7829	38,6103
148	31,3336	39,6827	38,4901
149	31,3932	39,6811	38,4350
150	31,3517	39,6791	38,4084
151	31,3410	39,6719	38,5296
152	31,2978	39,6268	38,6535
153	31,3258	39,7728	38,7959
154	31,2747	39,8208	38,7095
155	31,2849	39,9549	38,6518
156	31,1812	39,8483	38,5822
157	31,1462	39,8391	38,5780
158	31,1743	39,8345	38,5536
159	31,1769	39,8298	38,5404
160	31,1899	39,7478	38,5111
161	30,4932	38,4201	37,6566
162	30,7564	38,3362	37,6221
163	31,1520	38,4981	37,7786
164	31,5110	38,5643	37,7260
165	31,7086	38,6410	37,7979
166	31,7895	38,6497	37,8792
167	31,9860	38,6803	37,9229
168	31,9770	38,6085	37,8548
169	31,9771	38,7654	37,9936
170	31,9059	38,6796	37,9299
171	31,8507	38,6445	37,8959
172	31,8524	38,5802	37,7091
173	31,9452	38,6794	37,9556
174	31,8425	38,5158	37,9493
175	31,8119	38,6158	38,0444
176	31,9498	38,6691	38,3488
177	12,6709	32,8408	30,9304
178	12,7650	32,9931	31,1191
179	12,8822	33,0944	31,2599
180	13,0190	33,1655	31,2730
181	13,1816	33,4808	31,5006
182	13,3698	33,9627	32,0488
183	13,5300	34,5038	32,9004
184	13,6968	34,8443	33,3476
185	13,8015	35,1033	33,9041
186	13,9266	35,4119	34,4810
187	14,1999	35,5791	33,9076
188	14,6154	35,5077	33,3351
189	15,1561	35,8670	34,1578
190	16,2462	36,8416	36,4870
191	19,0770	37,6906	37,7923
192	31,2363	38,3574	39,1523
193	19,2518	37,6526	37,9155
194	16,2907	36,3475	36,8969
195	15,1076	35,1940	36,1429
196	14,2451	34,3718	35,5269
197	13,6111	33,9395	35,1667
198	13,2428	33,6314	34,9528
199	12,9107	33,3802	34,7339
200	12,6495	33,2527	34,7043
201	12,4710	33,2410	34,7692
202	12,3676	33,1808	34,8032
203	12,3107	33,1176	34,8003
204	12,2960	33,0563	34,7305
205	12,3012	32,9874	34,6534
206	12,2314	32,8990	33,9067
207	12,1078	32,8655	34,0262
208	12,0065	32,8678	34,3108
209	11,6758	31,9073	31,6031
210	11,8229	31,9704	31,8312
211	11,9461	32,0117	31,8412
212	12,0779	32,0956	31,8791
213	12,2401	32,2432	31,9354
214	12,4431	32,4383	31,9817
215	12,5717	32,6153	32,0057
216	12,6366	32,6672	31,9846
217	12,7346	32,5290	31,9662
218	12,9763	32,5019	32,0145
219	13,3417	32,7121	32,0799
220	13,8749	32,9513	32,2691
221	14,6747	33,0389	32,5750
222	16,1712	33,6389	33,4031
223	19,2398	35,5043	35,4871
224	31,1264	38,3881	38,2183
225	19,5156	36,0804	36,2697
226	16,3108	34,0951	34,3943
227	14,6094	33,2098	33,1838
228	13,6340	32,8657	32,4676
229	13,1083	32,5841	31,8894
230	12,7608	32,3205	31,4707
231	12,6776	31,9758	31,1167
232	12,6934	31,7462	30,9611
233	12,7294	31,5993	30,7996
234	12,7854	31,7744	31,1172
235	12,7769	31,8824	31,3560
236	12,7093	31,6924	31,2854
237	12,5578	31,4134	31,0602
238	12,4360	31,2059	30,8189
239	12,3320	31,0787	30,5358
