0	42,1283	45,1740	46,4968
1	35,9679	40,7921	40,9411
2	36,7745	42,9445	43,3229
3	36,9209	42,9504	43,4980
4	37,8311	43,0641	43,7194
5	37,2234	42,9559	43,7582
6	37,3063	42,0993	42,2647
7	37,2988	43,0290	43,7673
8	38,4363	43,3359	43,9919
9	37,1160	43,0462	43,8490
10	37,2513	42,9684	43,7103
11	36,8144	43,0693	43,8106
12	37,3702	42,9256	43,6373
13	36,6230	42,6615	43,2964
14	36,1046	41,3889	42,2348
15	36,4600	41,6878	43,3962
16	42,0776	45,0573	46,2788
17	32,2102	39,2606	38,6381
18	32,5349	39,5088	38,7856
19	31,6724	38,3474	37,5753
20	32,9910	39,6373	39,0764
21	32,7957	39,6266	38,8814
22	33,0481	39,4466	39,1595
23	33,1582	39,5224	39,2984
24	33,2724	39,4516	39,1949
25	32,9673	39,6028	39,2797
26	32,8132	39,4136	39,0251
27	32,6726	39,3853	39,0100
28	32,6212	39,0399	38,7628
29	32,4573	38,9126	38,7258
30	32,2384	38,8755	38,5092
31	32,5316	38,9412	38,6808
32	32,8823	39,1431	38,7816
33	31,8317	39,0954	38,3367
34	31,7946	38,9185	38,2625
35	31,4807	38,9303	38,2366
36	31,4472	38,7921	38,0257
37	31,0045	38,8022	37,8171
38	31,5581	38,8967	38,1229
39	31,7158	38,8744	38,2060
40	31,7585	38,6514	37,9732
41	31,8629	38,9328	38,3288
42	31,8047	38,9704	38,3044
43	31,7268	38,9688	38,3652
44	31,6857	38,7671	38,2613
45	31,6014	38,7936	38,2988
46	31,6610	38,8164	38,3225
47	32,2187	39,0133	38,6737
48	32,7356	39,0679	38,7165
49	30,7273	38,6381	37,9365
50	30,8976	38,6643	37,9025
51	31,3866	38,7504	38,2693
52	31,6153	38,7044	38,2700
53	31,8420	38,9296	38,5720
54	31,9027	38,8641	38,4564
55	32,2232	39,0315	38,6847
56	32,5984	39,0763	38,6736
57	32,5231	39,1373	38,8370
58	32,3029	38,9202	38,5426
59	31,8610	38,8171	38,4491
60	30,9080	37,0880	36,5784
61	31,7399	38,4146	38,0201
62	31,6072	38,4405	37,9481
63	32,5419	38,5629	38,4985
64	33,1667	38,8816	38,7660
65	33,5597	39,6459	39,6898
66	33,8060	39,8165	39,6007
67	33,2064	39,5382	39,4429
68	33,4312	39,5456	39,1964
69	33,3559	39,6020	39,3135
70	33,3253	39,5889	39,2009
71	33,8215	39,7776	39,5846
72	34,7735	39,9950	39,7472
73	34,3581	40,0466	39,9198
74	33,9737	40,0591	39,6998
75	33,5787	39,8794	39,6678
76	34,1433	39,9490	39,7877
77	33,6179	39,9482	39,9409
78	34,1985	40,2768	40,0850
79	34,6683	40,4514	40,7001
80	37,0419	41,3865	41,7218
81	33,2196	39,7082	38,9959
82	33,3696	39,7541	39,0728
83	33,3699	39,9561	39,4306
84	34,0117	39,9719	39,6710
85	33,9430	39,9268	39,9188
86	34,2711	39,9972	39,9960
87	32,5588	38,3735	37,9900
88	36,6770	40,9980	41,1464
89	33,0064	38,0699	37,9716
90	35,5651	40,3755	40,4787
91	33,7127	39,2391	39,2535
92	34,5173	39,9066	39,7095
93	33,3125	38,8487	38,9772
94	34,9634	40,0948	40,1263
95	34,7949	40,1302	40,2562
96	37,1324	41,0400	41,4039
97	32,7559	38,7836	38,3232
98	33,6348	38,9655	38,6335
99	31,7813	37,9994	37,4896
100	33,3867	38,9282	38,3730
101	33,2960	39,0076	38,8335
102	33,9404	39,2355	38,7658
103	33,7402	39,0907	38,8969
104	34,5285	39,2359	38,9475
105	34,8026	39,8436	40,0389
106	35,6128	39,9695	39,9706
107	34,8921	39,9869	40,2361
108	35,6185	39,8393	39,8388
109	34,9473	40,5459	41,1931
110	35,7712	40,7795	41,4600
111	35,7385	41,0075	42,0972
112	41,6747	43,7481	44,8978
113	34,6947	40,4348	40,4041
114	35,6648	40,5994	40,7011
115	35,1682	40,6796	40,9173
116	36,3202	40,7973	41,1029
117	35,1626	40,7626	41,2389
118	35,8113	41,0341	41,2965
119	35,5204	40,9210	41,4270
120	37,3381	41,1897	41,8154
121	35,0986	40,3203	40,6563
122	35,8595	40,7106	41,1806
123	35,4841	40,8479	41,2933
124	36,3942	40,9288	41,4226
125	35,1233	40,8590	41,2654
126	35,7015	40,8345	41,4994
127	35,3419	40,8743	41,8877
128	41,4951	43,6903	44,6472
129	34,8049	40,1477	40,0964
130	35,5191	40,2943	40,3068
131	35,1691	40,5224	40,6509
132	36,1956	40,6645	40,8531
133	35,1189	40,5493	40,9138
134	35,8782	40,7313	41,1067
135	35,6171	40,6626	41,2868
136	37,8675	41,3885	41,9294
137	34,6646	39,2542	39,0877
138	36,0309	40,5029	40,6590
139	35,4633	40,5764	41,0297
140	36,6019	40,6936	41,2067
141	35,2628	40,5134	41,0503
142	35,8680	40,5633	41,0260
143	35,4593	40,5014	41,2038
144	41,5554	43,9841	44,5724
145	35,2520	40,2179	40,7041
146	24,0212	34,5078	31,6468
147	22,1142	31,7414	28,6581
148	21,5251	31,2975	27,7551
149	21,1962	30,8920	27,2291
150	17,0448	26,9988	25,0699
151	20,8732	30,4885	26,8320
152	20,5861	29,9852	26,3365
153	20,2638	29,1352	25,5993
154	19,8553	28,6526	25,1091
155	19,7357	28,2140	24,7645
156	19,3474	27,8705	24,3680
157	14,7615	25,0555	22,3986
158	16,6435	25,4074	22,6000
159	18,8508	28,1384	24,6562
160	41,8874	44,0073	45,2168
161	24,0044	34,8783	31,6126
162	21,9536	32,1019	28,5290
163	21,2303	31,0606	27,4402
164	20,9701	30,5470	26,9555
165	20,7751	30,1756	26,6183
166	20,3669	29,3919	26,0183
167	20,4094	29,1194	25,5986
168	19,4922	27,9427	24,6710
169	19,6556	28,1108	24,5615
170	19,2583	27,8091	24,2353
171	19,0514	27,6673	24,0694
172	18,8149	27,1580	23,7430
173	17,2497	25,0721	22,8386
174	17,5686	25,5702	22,6616
175	18,5767	27,1547	23,4200
176	18,4800	26,9753	23,2394
177	36,1990	40,4069	40,5003
178	37,1169	40,5783	41,3424
179	35,6972	39,7442	39,5325
180	38,0657	41,3280	42,1520
181	36,5601	40,7557	41,6796
182	37,2576	41,0298	42,0928
183	37,1533	41,0286	42,4641
184	38,9445	41,8332	43,0220
185	37,0448	41,0810	42,2368
186	37,3292	40,9958	41,5332
187	36,2175	40,2640	40,6419
188	37,6073	40,8932	42,0284
189	36,5149	40,8869	41,8937
190	37,0015	40,8814	41,9088
191	36,5071	41,0346	42,1633
192	42,1120	43,7336	45,3650
193	35,8256	40,3177	40,7919
194	36,7163	40,4934	40,7377
195	36,1367	40,6193	40,9380
196	37,4053	40,9680	41,4360
197	35,4667	39,5924	39,6577
198	36,7752	40,5791	40,9555
199	36,5874	41,0205	41,5158
200	38,6285	41,5980	42,5117
201	36,8436	41,0755	41,8383
202	37,1101	41,0665	41,8942
203	36,5174	40,6564	41,4194
204	37,8073	41,2175	42,2559
205	36,2743	40,5657	41,5685
206	37,1505	40,7824	42,0846
207	36,7176	40,7493	42,5327
208	42,2405	43,9603	45,5722
209	34,6158	39,5994	38,9886
210	35,5278	39,8607	39,5542
211	34,9809	39,7926	39,4639
212	35,3961	39,8658	39,5081
213	35,2900	39,8033	39,8617
214	35,8789	40,0210	40,0682
215	35,8303	40,0379	40,3254
216	36,5232	40,1802	40,4048
217	35,7919	39,9984	40,1784
218	35,0627	39,3001	39,3903
219	33,9990	38,4754	38,6481
220	32,0895	36,7144	36,4111
221	34,4704	38,8220	39,2484
222	36,1698	40,7085	41,4305
223	36,9001	41,1476	42,7717
224	42,2646	43,9867	45,6771
225	25,2565	34,0190	31,0857
226	23,6791	31,1110	30,3301
227	24,1589	31,1085	30,2740
228	24,6995	33,1621	30,2405
229	24,5129	32,7174	29,5633
230	24,2669	32,3560	29,1277
231	24,1857	31,9731	28,8398
232	23,2556	30,0952	28,3579
233	23,5239	30,3617	28,7366
234	24,5288	32,3249	29,1012
235	24,4564	32,1146	28,9012
236	24,2383	31,9534	28,6163
237	24,0365	31,8652	28,5756
238	24,0554	32,1024	28,9424
239	23,5840	31,7542	28,8446
