0	42,1283	45,1740	46,4968
1	35,9679	40,7921	40,9411
2	36,7745	42,9445	43,3229
3	36,9209	42,9504	43,4980
4	37,8311	43,0641	43,7194
5	37,2234	42,9559	43,7582
6	37,3063	42,0993	42,2647
7	37,2988	43,0290	43,7673
8	38,4363	43,3359	43,9919
9	37,1160	43,0462	43,8490
10	37,2513	42,9684	43,7103
11	36,5643	43,0041	43,6168
12	37,3702	42,9256	43,6373
13	36,6230	42,6615	43,2964
14	36,1046	41,3889	42,2348
15	35,8233	41,1433	42,8148
16	42,0776	45,0573	46,2788
17	33,8081	41,0556	40,4014
18	34,8947	41,5477	40,8439
19	32,8759	38,6851	38,4304
20	34,9025	41,5493	40,9679
21	34,0870	39,9962	39,6431
22	35,4548	41,6749	41,4961
23	35,2494	41,6259	41,4697
24	35,8314	41,6846	41,5835
25	35,0227	41,7524	41,5091
26	35,1649	41,7179	41,4821
27	35,5053	42,0456	41,9671
28	36,6938	42,0657	42,3055
29	35,4959	41,7637	41,8905
30	35,6151	41,8435	42,0700
31	36,3423	42,4369	43,2758
32	41,8783	44,6614	45,8785
33	33,2688	40,6219	39,8985
34	33,7591	40,6715	40,2203
35	34,0127	40,8880	40,6345
36	34,7636	41,0248	40,7642
37	33,4147	40,2839	40,0962
38	34,0519	40,8761	40,5309
39	34,2425	40,8633	40,5915
40	34,6137	40,7695	40,4804
41	34,2802	40,9000	40,5788
42	34,0854	40,8916	40,3937
43	33,8917	40,8744	40,4672
44	34,0616	40,7575	40,4132
45	33,8658	40,7982	40,4563
46	33,9925	40,8567	40,5973
47	34,6863	41,1719	40,9755
48	37,2079	41,9967	42,2078
49	32,5722	40,1172	39,4559
50	32,7861	40,1670	39,4661
51	33,1698	40,3303	39,8728
52	33,8387	40,4091	40,0849
53	33,8280	40,6143	40,3744
54	34,7352	40,8269	40,7272
55	34,4901	40,9218	40,9573
56	35,4773	41,0371	41,1144
57	34,7658	40,9859	41,0748
58	34,5835	40,7462	40,7598
59	34,5571	40,7893	41,0085
60	36,5693	40,8893	40,9325
61	34,0144	40,2561	40,6555
62	34,3526	40,3477	40,8567
63	36,1760	41,5593	42,9668
64	41,9049	44,1470	45,5658
65	33,1925	39,5606	39,3571
66	33,7442	39,8239	39,6111
67	34,1037	39,8892	39,9775
68	35,0660	40,1779	40,2372
69	33,8490	39,7963	39,7448
70	33,7601	39,7474	39,4946
71	34,0009	39,8393	39,6664
72	34,7735	39,9950	39,7472
73	34,3581	40,0466	39,9198
74	33,9737	40,0591	39,6998
75	33,5787	39,8794	39,6678
76	34,1433	39,9490	39,7877
77	33,8483	40,0314	40,0376
78	34,1985	40,2768	40,0850
79	34,6683	40,4514	40,7001
80	37,0419	41,3865	41,7218
81	33,2196	39,7082	38,9959
82	33,3696	39,7541	39,0728
83	33,3699	39,9561	39,4306
84	34,0117	39,9719	39,6710
85	33,9430	39,9268	39,9188
86	34,2711	39,9972	39,9960
87	32,5588	38,3735	37,9900
88	36,6770	40,9980	41,1464
89	32,8857	38,0506	37,9271
90	34,9998	40,1126	40,1822
91	34,6998	39,9632	39,9820
92	35,9741	40,4111	40,6164
93	33,5269	38,9136	39,2205
94	34,5129	39,9173	39,9697
95	35,0425	40,1679	40,4081
96	37,1324	41,0400	41,4039
97	32,7667	39,1257	38,5773
98	33,6385	39,3581	39,0112
99	33,6251	39,1387	38,9058
100	35,3724	39,9048	39,6765
101	33,6848	39,4291	39,5159
102	33,1591	38,8646	38,7059
103	33,4937	38,8520	38,8244
104	34,2012	39,0163	38,6516
105	34,4832	39,5530	39,6371
106	35,2451	39,6754	39,5277
107	34,6142	39,6746	39,7657
108	35,1487	39,4764	39,3509
109	34,4074	39,7765	40,0268
110	35,0776	40,0034	40,0456
111	35,0553	40,0987	40,4206
112	37,0417	41,0236	41,3065
113	34,6947	40,4348	40,4041
114	35,6648	40,5994	40,7011
115	35,1682	40,6796	40,9173
116	36,3202	40,7973	41,1029
117	35,1626	40,7626	41,2389
118	35,8113	41,0341	41,2965
119	35,5204	40,9210	41,4270
120	37,3381	41,1897	41,8154
121	35,0986	40,3203	40,6563
122	35,8595	40,7106	41,1806
123	35,4841	40,8479	41,2933
124	36,3942	40,9288	41,4226
125	35,1233	40,8590	41,2654
126	35,7015	40,8345	41,4994
127	35,3419	40,8743	41,8877
128	41,4951	43,6903	44,6472
129	34,8049	40,1477	40,0964
130	35,5191	40,2943	40,3068
131	35,1691	40,5224	40,6509
132	36,1956	40,6645	40,8531
133	35,1189	40,5493	40,9138
134	35,8782	40,7313	41,1067
135	35,6171	40,6626	41,2868
136	37,8675	41,3885	41,9294
137	34,6646	39,2542	39,0877
138	36,0309	40,5029	40,6590
139	35,4633	40,5764	41,0297
140	36,6019	40,6936	41,2067
141	35,2628	40,5134	41,0503
142	35,8680	40,5633	41,0260
143	35,4593	40,5014	41,2038
144	41,5554	43,9841	44,5724
145	35,2520	40,2179	40,7041
146	36,3408	40,7538	40,7727
147	35,5048	40,4598	40,8606
148	36,8080	40,8880	41,4625
149	35,6138	40,7343	41,2950
150	36,4634	40,1160	39,8169
151	35,7132	40,8873	41,4924
152	37,8959	41,4551	42,2476
153	36,1189	41,0206	41,8961
154	36,3715	41,0739	41,6026
155	35,6667	40,9849	41,6713
156	36,8757	41,2867	41,9710
157	34,8348	39,2472	39,1425
158	36,3070	40,6836	40,7950
159	35,5365	40,6686	41,2571
160	41,8874	44,0073	45,2168
161	35,4024	40,4898	40,9278
162	36,1198	40,5506	41,1147
163	35,6120	40,6808	41,3604
164	37,2390	40,9346	41,4197
165	36,0976	40,8996	41,7369
166	36,6928	41,0323	41,5640
167	35,9675	40,7213	41,7250
168	38,4293	41,9332	42,3443
169	35,9516	40,6819	41,4911
170	36,4870	40,9081	41,4320
171	35,7152	40,6882	41,4856
172	37,1975	41,1919	41,5987
173	35,3693	40,3216	40,3511
174	36,6723	40,6428	40,8911
175	36,6068	41,1675	42,9600
176	42,1923	43,9347	45,4888
177	36,1990	40,4069	40,5003
178	37,1169	40,5783	41,3424
179	35,6972	39,7442	39,5325
180	38,0657	41,3280	42,1520
181	36,5601	40,7557	41,6796
182	37,2576	41,0298	42,0928
183	37,1533	41,0286	42,4641
184	38,9445	41,8332	43,0220
185	37,0448	41,0810	42,2368
186	37,3292	40,9958	41,5332
187	36,2175	40,2640	40,6419
188	37,6073	40,8932	42,0284
189	36,5149	40,8869	41,8937
190	37,0015	40,8814	41,9088
191	36,5071	41,0346	42,1633
192	42,1120	43,7336	45,3650
193	35,8256	40,3177	40,7919
194	36,7163	40,4934	40,7377
195	36,1367	40,6193	40,9380
196	37,4053	40,9680	41,4360
197	35,4667	39,5924	39,6577
198	36,7752	40,5791	40,9555
199	36,5874	41,0205	41,5158
200	38,6285	41,5980	42,5117
201	36,8436	41,0755	41,8383
202	37,1101	41,0665	41,8942
203	36,5174	40,6564	41,4194
204	37,8073	41,2175	42,2559
205	36,2743	40,5657	41,5685
206	37,1505	40,7824	42,0846
207	36,7176	40,7493	42,5327
208	42,2405	43,9603	45,5722
209	36,3029	40,7701	41,2999
210	37,0034	40,9260	41,6551
211	36,8144	40,9695	41,8256
212	37,8081	41,3934	42,0473
213	36,3085	40,5499	41,2039
214	36,4816	40,5438	41,0806
215	36,8066	40,9585	41,8154
216	38,6153	41,6539	42,6186
217	36,6764	40,8412	41,5665
218	35,7704	39,9085	40,4412
219	34,5556	38,9275	39,4067
220	34,4570	38,8773	38,8080
221	35,8065	39,9060	40,4004
222	36,2047	40,7135	41,4937
223	36,5826	40,9748	42,5281
224	42,2646	43,9867	45,6771
225	36,6308	41,1825	42,5672
226	35,1407	39,4448	39,9031
227	35,9977	40,8466	41,5419
228	37,1368	41,2967	41,9199
229	35,4866	40,5956	40,9455
230	34,9117	39,9529	39,9754
231	34,5636	39,6233	39,7302
232	35,8521	39,8812	40,0136
233	34,5889	39,3772	39,6894
234	34,1873	38,9534	38,9610
235	33,9277	38,8518	38,8395
236	34,6421	39,1472	38,9876
237	34,0664	39,1530	38,9602
238	34,7164	39,1487	39,0587
239	32,9701	38,2864	38,1624

total	35,8007	40,7994	41,1256

